/*--------------------------------*- C++ -*----------------------------------*\
| =========                 |                                                 |
| \\      /  F ield         | OpenFOAM: The Open Source CFD Toolbox           |
|  \\    /   O peration     | Version:  2.4.0                                 |
|   \\  /    A nd           | Web:      www.OpenFOAM.org                      |
|    \\/     M anipulation  |                                                 |
\*---------------------------------------------------------------------------*/
FoamFile
{
    version     2.0;
    format      ascii;
    class       faceSet;
    location    "constant/polyMesh/sets";
    object      finlet;
}
// * * * * * * * * * * * * * * * * * * * * * * * * * * * * * * * * * * * * * //


256
(
1198155 
1198156 
1198157 
1198158 
1198159 
1198160 
1198161 
1198162 
1198163 
1198164 
1198165 
1198166 
1198167 
1198168 
1198169 
1198170 
1198315 
1198316 
1198317 
1198318 
1198319 
1198320 
1198321 
1198322 
1198323 
1198324 
1198325 
1198326 
1198327 
1198328 
1198329 
1198330 
1198475 
1198476 
1198477 
1198478 
1198479 
1198480 
1198481 
1198482 
1198483 
1198484 
1198485 
1198486 
1198487 
1198488 
1198489 
1198490 
1198635 
1198636 
1198637 
1198638 
1198639 
1198640 
1198641 
1198642 
1198643 
1198644 
1198645 
1198646 
1198647 
1198648 
1198649 
1198650 
1198795 
1198796 
1198797 
1198798 
1198799 
1198800 
1198801 
1198802 
1198803 
1198804 
1198805 
1198806 
1198807 
1198808 
1198809 
1198810 
1198955 
1198956 
1198957 
1198958 
1198959 
1198960 
1198961 
1198962 
1198963 
1198964 
1198965 
1198966 
1198967 
1198968 
1198969 
1198970 
1199115 
1199116 
1199117 
1199118 
1199119 
1199120 
1199121 
1199122 
1199123 
1199124 
1199125 
1199126 
1199127 
1199128 
1199129 
1199130 
1199275 
1199276 
1199277 
1199278 
1199279 
1199280 
1199281 
1199282 
1199283 
1199284 
1199285 
1199286 
1199287 
1199288 
1199289 
1199290 
1199435 
1199436 
1199437 
1199438 
1199439 
1199440 
1199441 
1199442 
1199443 
1199444 
1199445 
1199446 
1199447 
1199448 
1199449 
1199450 
1199595 
1199596 
1199597 
1199598 
1199599 
1199600 
1199601 
1199602 
1199603 
1199604 
1199605 
1199606 
1199607 
1199608 
1199609 
1199610 
1199755 
1199756 
1199757 
1199758 
1199759 
1199760 
1199761 
1199762 
1199763 
1199764 
1199765 
1199766 
1199767 
1199768 
1199769 
1199770 
1199915 
1199916 
1199917 
1199918 
1199919 
1199920 
1199921 
1199922 
1199923 
1199924 
1199925 
1199926 
1199927 
1199928 
1199929 
1199930 
1200075 
1200076 
1200077 
1200078 
1200079 
1200080 
1200081 
1200082 
1200083 
1200084 
1200085 
1200086 
1200087 
1200088 
1200089 
1200090 
1200235 
1200236 
1200237 
1200238 
1200239 
1200240 
1200241 
1200242 
1200243 
1200244 
1200245 
1200246 
1200247 
1200248 
1200249 
1200250 
1200395 
1200396 
1200397 
1200398 
1200399 
1200400 
1200401 
1200402 
1200403 
1200404 
1200405 
1200406 
1200407 
1200408 
1200409 
1200410 
1200555 
1200556 
1200557 
1200558 
1200559 
1200560 
1200561 
1200562 
1200563 
1200564 
1200565 
1200566 
1200567 
1200568 
1200569 
1200570 
)

// ************************************************************************* //
