/*--------------------------------*- C++ -*----------------------------------*\
| =========                 |                                                 |
| \\      /  F ield         | OpenFOAM: The Open Source CFD Toolbox           |
|  \\    /   O peration     | Version:  2.4.0                                 |
|   \\  /    A nd           | Web:      www.OpenFOAM.org                      |
|    \\/     M anipulation  |                                                 |
\*---------------------------------------------------------------------------*/
FoamFile
{
    version     2.0;
    format      ascii;
    class       faceSet;
    location    "constant/polyMesh/sets";
    object      foutlet;
}
// * * * * * * * * * * * * * * * * * * * * * * * * * * * * * * * * * * * * * //


256
(
1205833 
1205834 
1205835 
1205836 
1205837 
1205838 
1205839 
1205840 
1205841 
1205842 
1205843 
1205844 
1205845 
1205846 
1205847 
1205848 
1205993 
1205994 
1205995 
1205996 
1205997 
1205998 
1205999 
1206000 
1206001 
1206002 
1206003 
1206004 
1206005 
1206006 
1206007 
1206008 
1206153 
1206154 
1206155 
1206156 
1206157 
1206158 
1206159 
1206160 
1206161 
1206162 
1206163 
1206164 
1206165 
1206166 
1206167 
1206168 
1206313 
1206314 
1206315 
1206316 
1206317 
1206318 
1206319 
1206320 
1206321 
1206322 
1206323 
1206324 
1206325 
1206326 
1206327 
1206328 
1206473 
1206474 
1206475 
1206476 
1206477 
1206478 
1206479 
1206480 
1206481 
1206482 
1206483 
1206484 
1206485 
1206486 
1206487 
1206488 
1206633 
1206634 
1206635 
1206636 
1206637 
1206638 
1206639 
1206640 
1206641 
1206642 
1206643 
1206644 
1206645 
1206646 
1206647 
1206648 
1206793 
1206794 
1206795 
1206796 
1206797 
1206798 
1206799 
1206800 
1206801 
1206802 
1206803 
1206804 
1206805 
1206806 
1206807 
1206808 
1206953 
1206954 
1206955 
1206956 
1206957 
1206958 
1206959 
1206960 
1206961 
1206962 
1206963 
1206964 
1206965 
1206966 
1206967 
1206968 
1207113 
1207114 
1207115 
1207116 
1207117 
1207118 
1207119 
1207120 
1207121 
1207122 
1207123 
1207124 
1207125 
1207126 
1207127 
1207128 
1207273 
1207274 
1207275 
1207276 
1207277 
1207278 
1207279 
1207280 
1207281 
1207282 
1207283 
1207284 
1207285 
1207286 
1207287 
1207288 
1207433 
1207434 
1207435 
1207436 
1207437 
1207438 
1207439 
1207440 
1207441 
1207442 
1207443 
1207444 
1207445 
1207446 
1207447 
1207448 
1207593 
1207594 
1207595 
1207596 
1207597 
1207598 
1207599 
1207600 
1207601 
1207602 
1207603 
1207604 
1207605 
1207606 
1207607 
1207608 
1207753 
1207754 
1207755 
1207756 
1207757 
1207758 
1207759 
1207760 
1207761 
1207762 
1207763 
1207764 
1207765 
1207766 
1207767 
1207768 
1207913 
1207914 
1207915 
1207916 
1207917 
1207918 
1207919 
1207920 
1207921 
1207922 
1207923 
1207924 
1207925 
1207926 
1207927 
1207928 
1208073 
1208074 
1208075 
1208076 
1208077 
1208078 
1208079 
1208080 
1208081 
1208082 
1208083 
1208084 
1208085 
1208086 
1208087 
1208088 
1208233 
1208234 
1208235 
1208236 
1208237 
1208238 
1208239 
1208240 
1208241 
1208242 
1208243 
1208244 
1208245 
1208246 
1208247 
1208248 
)

// ************************************************************************* //
